45667
53578
53022
59185
45417
48312
53648
54797
54761
56027
58521
45082
54054
57418
45691
53506
54871
58222
45543
51814
53154
58053
45693
54202
45221
55944
56768
47894
59502
45784
56918
54102
49744
57349
51979
55916
54802
56099
55351
59637
57117
57646
45369
55674
60201
52552
44759
45230
59862
56421
56423
59314
51715
51727
52649
47397
59348
51898
57514
53547
60347
59498
59339
51874
47367
52605
52331
59889
56317
46380
55576
53846
52658
45696
60047
58057
53234
59393
59533
48657
47400
58952
53736
52646
52262
47600
46125
52275
58452
59409
49417
58674
58944
49175
46150
57362
52699
48020
58781
59238
48464
57142
56697
56418
58418
46348
51812
52378
57076
47796
46675
52604
57149
45570
46756
58897
46363
48561
52133
47780
55952
57718
58769
60126
48385
47897
51142
53689
59436
45373
58043
58540
52996
57253
58079
54193
53589
47597
54866
57921
45769
59342
51138
50195
56129
47565
54068
57443
59948
47128
47164
57233
52451
57247
50170
56490
49448
55588
51813
45678
58669
48287
47151
48150
53671
51974
55630
55631
52362
45730
58894
55427
53044
59399
60103
47174
52639
59386
54001
58193
46549
53220
49157
48456
50808
51862
55964
51865
52588
55425
57781
59653
45551
60124
53202
56451
56793
52537
58075
55346
59043
56395
55949
55962
60194
59219
59241
52671
58105
59772
56459
51984
46586
53389
48598
50838
55366
57944
56532
46364
46705
60139
53686
52102
56778
52830
59515
55939
49769
46690
56907
44921
48399
45397
54092
52637
58857
53071
59340
59837
48093
57753
58524
58012
55368
52103
59730
59582
50160
55378
46557
51129
59341
59218
48116
49177
53494
59791
59960
57354
47824
57066
54854
57879
57647
58066
58127
59268
57497
51780
57449
57136
59503
45731
53203
56142
45236
48648
56784
45196
57088
47844
46031
47766
59329
56535
60298
53056
48111
55673
59796
48117
51999
58681
50817
55935
45408
58249
45546
59259
56523
53613
58168
59531
51149
59270
60262
59499
53826
60300
53711
45582
52633
57119
59712
60030
60104
47904
46337
45379
53280
57469
58882
58890
60286
55269
59537
50203
59410
52497
56098
58055
56120
45412
55463
51737
54058
59487
51133
57227
47736
57778
47979
58799
48320
60096
58985
57773
46574
59565
57639
52856
58076
45671
53575
47404
54066
55743
58777
58051
49760
57332
59736
60125
48329
46126
59546
45670
53651
55480
57333
58234
57943
46707
56835
50811
57065
57244
50171
53171
56293
46356
51876
56013
47891
56823
45658
53062
46122
47403
59802
55659
59794
59747
53677
57495
54160
59937
59431
46545
57338
48689
47916
53244
52098
55705
54179
58362
58134
57786
56349
55363
45743
51768
54180
59030
46692
52373
59001
47836
56883
48113
55638
53503
57153
53980
48282
58165
54834
59182
60312
51742
60292
51881
45375
48582
52122
59165
53407
53288
55629
58886
60318
56700
50818
50206
59242
49761
55375
59405
59005
45688
59676
56028
59799
55661
47551
59214
57371
59000
48099
45187
55701
58129
56504
44767
53849
54077
44714
52341
52615
59933
53012
58975
57524
49147
52603
51968
55454
47555
56886
57086
56386
54158
57974
53226
48014
46591
59616
52112
58721
57983
57298
58238
60077
59759
54828
55612
52875
53497
52276
56537
47124
53835
46329
59865
59962
52088
58683
51720
59529
45099
45680
53985
46715
47754
59524
58803
57906
59494
55749
52335
50813
57525
46768
52677
57611
58447
46051
50810
58008
52266
53020
57512
59206
46043
49153
47371
58002
45777
47734
53807
46032
57056
47376
60113
46767
53616
45563
47737
59610
52123
53569
53253
60295
47378
45066
56876
56498
57901
56786
51970
45586
55780
56809
58191
45223
49150
55943
58438
59649
56893
49145
45679
46070
51740
58596
45045
46558
59172
56355
58413
48100
56898
53733
54208
44930
58717
48398
59939
59330
57507
46788
55582
56885
59581
58386
56840
56410
48656
48321
58875
53833
57942
58351
57900
58714
59752
57295
53782
45398
58858
52574
46058
46146
45212
45399
58161
48435
56346
59244
56903
57256
51810
52125
52986
44915
57860
46682
54060
45540
52618
53579
52622
47175
53510
55750
54787
57927
56377
46164
58623
48665
60046
47549
59731
46566
55316
58140
60138
57113
59667
53971
49727
47672
48447
53992
57415
59894
47989
55487
52487
52993
45682
58998
51716
48101
54091
53027
48446
54856
51894
56812
59684
55465
60278
53664
55651
60151
48316
49747
60037
53572
52372
59755
53978
47158
46770
56892
55498
46168
54199
55410
44966
52864
47181
52359
52665
55382
53619
54837
57361
60115
53212
52837
55395
55757
55274
57613
48124
48364
58380
53414
53917
59959
54204
57608
56510
53923
59583
51775
56480
57238
53530
59018
58945
57784
47651
58239
57368
58154
57407
60019
58792
47636
58526
48392
55769
58545
53211
45401
60095
56391
57712
54011
55372
58371
60128
57978
58048
59208
51464
59164
47650
48322
59394
48276
56352
55999
59664
57704
53620
56554
54758
47637
57993
52859
56491
49149
48143
59492
45232
46141
56464
59846
46699
46038
51978
53258
59586
46716
53658
59081
48128
52346
53173
54860
53745
57532
46347
52550
45710
57106
45690
52115
59024
59263
54765
57747
59413
46118
56016
59429
46157
52858
59265
55748
55350
58640
53548
48880
53987
52644
60106
60034
59381
48666
53176
52872
56115
57818
47352
56842
60297
60135
57870
56015
50185
57140
58376
48692
51852
52367
58440
55783
48008
58087
51973
53775
59374
52708
52647
46136
49136
60367
54867
45182
48285
58412
55597
59944
55940
59156
59850
51745
53741
45659
55656
47640
48000
46559
45562
59576
47835
58516
59608
51465
44941
59075
57522
45735
56533
49453
47673
46340
59092
59093
48105
45413
46674
54096
51736
59954
57472
53859
59421
57732
60024
60360
60123
58217
57945
45709
50847
56832
47990
53889
45400
59632
52661
46358
46077
52625
60338
54171
48030
59423
57328
59455
46589
53563
48433
53134
58809
52293
55270
59760
58130
45541
53182
55955
52381
47572
55482
60202
52131
53550
48003
56909
48313
48277
57111
59869
53428
46561
46572
54063
57997
58841
59662
51150
52303
53067
55587
58720
57985
51719
57896
52369
58069
53283
58599
49441
56688
48482
56536
59902
58605
59459
55352
57262
57994
56473
47822
52124
58966
59749
46760
56462
53749
53417
47903
59094
59181
58353
44925
53975
57381
57892
47728
56014
51801
48480
53622
60048
51113
47877
53133
49770
60063
58196
46338
47135
54788
59520
51779
48317
54790
54811
44748
55479
56296
60097
51867
52311
56326
57996
59517
48388
59251
58185
53271
46335
55987
55599
54198
59083
58108
52467
59416
47591
48379
47813
45560
46789
49440
57304
58687
59327
52882
59782
55759
58947
47373
55615
46153
52295
58867
53163
59696
53201
57474
55365
48328
50805
57703
59262
60321
55416
53011
59901
56040
52857
51130
53990
47625
59849
56553
56122
59745
49164
51962
47550
46570
56343
52094
57859
48459
53230
58383
51791
58456
55343
47161
56824
50840
58007
46689
48290
52478
49455
60031
58855
52304
59724
57828
56914
49742
56708
57865
58250
57083
57447
53017
50812
47642
53064
52690
46740
58723
59313
55779
59528
52616
60195
58534
56100
59666
54836
56843
50825
48678
49160
58808
58178
53072
46542
57527
58121
54851
52850
58800
60371
56837
58677
55614
57636
59212
57091
56906
58602
49458
58243
59013
55941
53223
57852
47842
56021
47583
58181
59222
54760
50851
53167
56387
57077
52862
59709
50181
51753
55571
58220
57976
59273
53904
59876
47566
50829
48645
58402
58539
56001
47407
51986
48112
47167
45360
58211
48407
46066
53465
59317
45189
48685
60043
59237
58036
58508
57463
59886
46349
47978
55455
59646
52488
56039
56818
59415
58541
54004
52358
58552
45092
53930
57821
60154
52466
50202
59847
52693
58111
49146
53488
55286
60112
52138
59003
55628
48289
57856
53485
52283
51803
59668
60332
54084
60368
57240
52545
59691
53013
48570
52553
56429
50814
55570
58395
48690
53721
46173
47173
59166
47830
58525
58946
53432
52657
53888
55279
59095
53164
53555
52383
60132
59037
45062
53148
47557
58716
52127
47797
56888
45403
47723
47907
50830
53655
59614
56108
53029
52583
49752
57928
47632
49162
55752
48469
46581
57877
57602
49165
46575
50189
58548
46028
46706
55934
52650
51126
44721
45550
59036
58600
60265
53213
45361
57815
58443
53787
47666
52627
56496
48454
53708
48360
44931
57904
45378
53286
58937
59633
60365
56399
59652
56452
52343
47663
55603
47763
52361
57947
59949
55938
49444
46679
57508
57458
56119
58532
55946
47377
52834
58706
53010
45061
52134
48600
59611
59663
54820
45758
56414
57109
53078
53247
57814
56038
55408
59385
53898
59414
53688
53666
48455
55460
56397
57265
58103
51893
55992
59727
51721
56457
59734
53837
57699
59688
52280
52998
58082
47670
51998
44933
59299
59349
54203
57938
59741
58240
55306
47862
57476
58967
44938
45415
53864
46576
53197
53152
47361
56509
56350
59555
59196
53018
44949
59606
53709
60188
48470
59671
47826
53390
58225
58722
59045
53702
58029
55607
46701
57260
58833
56121
51118
53657
45673
48658
53663
46142
53438
53030
55422
45372
54207
45534
57093
58595
53495
53180
57411
53795
48366
57809
52686
59402
59609
53852
59698
49756
56147
60339
57366
53831
57331
58444
46059
58131
52268
57232
59540
60147
49410
51887
56362
47752
59254
52135
59699
57618
45392
54782
57291
47399
47150
56297
56544
59941
51856
48401
49438
45194
51773
47772
55468
57749
56839
46069
59867
46326
47369
59543
52843
47991
59334
47606
47760
54791
60192
56527
57984
59836
59938
46684
58801
50837
46078
58210
58538
58549
48332
58672
52453
52101
52095
51960
55438
59786
54777
51987
55669
60363
59202
48586
59964
53413
59623
59955
60376
52675
51714
45683
55574
57941
55584
57150
45411
56340
56471
59570
60345
47558
53841
56492
46588
55295
53597
52302
47762
51869
53484
58766
59331
54847
58676
53045
58976
53066
58748
51141
56825
57734
56007
48355
59432
50197
59737
57290
53423
54188
45783
55709
45374
52838
59580
60191
51739
52635
53533
58135
57665
45204
49748
51718
58682
59074
59296
58388
53871
52110
53215
47919
59801
60304
56124
58423
59239
47905
46537
53862
58543
54087
59199
58517
57340
56802
54205
54840
53136
48021
59763
48310
54012
56913
48131
56138
60044
50844
45044
50172
57880
53479
59951
56123
52473
60130
60121
53427
54094
57913
45531
55572
51788
53031
48440
58609
46798
50199
53870
59486
51966
53274
59245
54852
51728
47831
48474
57894
50165
53679
48393
54007
44737
59647
51795
57999
46538
60255
48468
47392
56691
57675
57062
48472
59868
55654
56791
44733
48404
47136
57138
55492
59318
59041
56353
56542
60131
51461
58974
58806
47624
47149
49730
53221
59504
46060
59322
44926
55380
53712
59256
51749
47635
47355
45770
57916
48481
58742
57529
50163
46752
57971
51143
58109
47594
46123
53776
46151
51806
58537
56769
46567
52479
59870
59568
47741
56329
57375
57812
58052
60361
57439
56705
47628
55431
53086
57450
58518
56770
48394
51877
57471
48655
57670
60289
53845
54002
57883
56458
56104
59337
55364
55753
52474
53857
58874
46064
58802
55473
52356
51104
53061
52643
55481
57981
55996
48583
56427
59207
53783
55415
48127
47561
58865
59530
58638
58247
59391
60293
51769
58770
48022
46027
58214
58884
53077
53557
45766
55360
44961
47820
52464
48453
59264
50187
50816
59362
53640
57073
59261
52556
58772
55499
58378
53723
53149
52854
59743
51146
57087
53631
53088
59516
50178
59012
52126
55640
46362
53005
53430
52602
58861
57914
59622
58000
55790
57664
51889
57783
49755
45662
48410
57352
54076
47607
57379
53255
57092
45049
56706
47129
59428
56344
55922
53562
56041
52568
56130
59934
46691
46342
48400
49413
48571
56482
48304
60119
53653
49180
47674
47795
48283
59838
51139
56420
52582
56689
59532
45409
45048
59605
53982
55936
59519
56408
53508
48362
60305
53832
53778
48384
47756
44761
54052
46673
47887
53570
59726
55617
57875
55467
49764
57305
45771
58385
59542
52499
53402
51776
49450
57502
53496
53977
53840
58474
53994
55623
58510
59732
48009
59961
56012
59669
57663
53927
58212
60041
58512
59860
57881
53799
57133
53668
45103
53905
58411
56135
53682
45085
45542
59355
54159
45553
51729
56299
44967
57223
57528
52621
47157
52853
60068
55429
59191
58478
49452
52831
48139
55391
45708
45661
53731
59660
47810
56034
58885
53252
58155
51777
51754
48443
48327
58070
53476
59154
55347
51985
56384
55924
58514
55403
52002
48564
52695
53894
56803
57348
50166
53043
58167
47658
48591
59683
59473
48397
57848
52480
57810
59613
58158
51878
58776
55344
45689
47585
51895
59441
59701
57440
59309
56342
48375
51743
52468
57145
59720
58419
58711
57979
48386
48367
56503
47573
46083
45178
47900
51886
53612
56337
53737
45371
47773
52336
57110
55583
56698
57788
56790
55660
52354
53151
55275
49735
48125
48584
58744
52339
53847
58251
57141
58965
47778
55497
53920
59835
55384
59718
59235
53276
47790
49457
58364
50205
51885
55942
55341
47733
59197
54162
59306
59308
57261
57782
57107
58414
59213
55947
47823
48335
59713
53431
58724
55643
47571
53979
57719
52599
48661
47761
59035
46036
58223
49443
53157
49430
55411
59895
59942
59458
52580
45207
57748
59352
55920
49133
51784
51994
59243
56915
59160
46154
47902
55369
59406
59376
59577
59946
59389
57850
51468
57051
52292
50807
53856
59260
57433
57467
58788
48603
52465
47385
59842
58038
48466
58390
59477
53147
56475
53970
54072
56006
48309
48108
56291
59255
51797
59463
57844
59643
58733
60272
53781
50821
57816
49439
60111
59324
55591
53156
47841
46124
48303
55580
54191
53002
55997
51121
59897
45572
54165
55772
51991
52301
53571
55636
47996
46334
46041
53676
51793
53019
47799
55786
58393
55332
55763
47574
58354
59700
47567
48686
56478
59947
57855
48471
53610
48016
45757
45205
46765
54013
48485
51859
55618
57137
53636
55296
47912
51971
56324
53395
58673
58152
52542
59551
59673
51123
55782
58092
53076
56400
45564
48028
59863
56024
59192
56413
52092
46082
55633
56690
59178
57841
48357
59928
55300
53000
55923
59387
47769
57079
56320
47633
48395
52697
58045
54056
57623
53507
48365
49163
45075
52482
56143
48330
53683
53821
53260
54079
59535
49763
56785
58368
58854
48653
54186
57640
57819
56905
57717
49729
46359
56389
53972
48587
47634
56483
46790
57297
59753
53493
58246
56301
55945
49151
54005
57237
53777
58483
49137
49757
53681
46169
59316
45744
59615
56354
48667
54793
53535
52120
53714
48680
60346
60140
52648
54182
52380
53596
52558
58856
58527
59315
56894
52472
55948
53085
57139
58455
57998
51816
52270
59015
51108
55791
59028
53035
56880
46554
59426
52851
45050
45672
47554
57897
60369
57114
48412
47179
47359
59545
53609
59174
46081
45580
45764
55649
53860
45052
57263
59923
53204
58166
59661
55764
58441
44768
52494
51804
46546
59659
47390
56792
48449
52261
45762
47910
59708
52117
47668
59250
59567
51116
57504
48644
57895
56833
58688
48031
46712
57667
58893
48130
52536
56036
47372
45751
57359
55470
53593
52272
53082
56304
49731
53084
59247
48588
45747
45781
53901
47819
55663
57442
60266
53703
57954
57533
55713
59419
60108
59636
58515
53825
47122
57775
52496
57826
48671
50842
53208
48574
52137
49158
55637
58710
53649
53673
44937
47652
58767
56472
52116
49420
59859
53509
54014
56779
60303
51789
48679
48011
56000
48559
52348
46353
50192
55367
45053
45214
58708
47579
44944
55278
46787
45692
55291
58511
58381
53684
53553
57948
56336
55297
58453
57228
54174
56911
58750
55371
59839
52368
56002
46709
60200
52490
58113
44954
50822
48452
55311
48298
53730
52681
55602
49740
57075
48293
58522
51787
53588
53172
60049
55418
48296
45210
50849
58227
48134
58765
52631
48640
53015
47657
56526
59220
47588
53803
50186
50182
59641
56919
57224
51807
55609
47153
48371
54865
53083
46382
59325
53902
53080
49155
53284
60374
53540
60320
59485
59756
52863
53602
46748
53988
55621
50832
53206
52000
54859
52001
51969
47664
58491
46072
58244
53415
46714
56403
53472
46758
46711
47599
60282
57363
59167
46794
51988
57955
55319
53046
59511
50841
59002
54100
47781
51882
58010
59011
46174
59195
52672
56390
51751
55622
46029
56010
48107
50190
49141
48033
53866
53074
54773
56771
52701
58232
54795
55585
46547
48135
44973
54201
53999
58705
57124
48297
55456
54835
46328
59162
60310
60105
59693
47144
59854
57245
53549
59424
59217
48019
56331
47548
54844
53189
52581
58231
53851
59155
57102
45666
57218
59787
54080
54785
57787
57843
59248
55747
51127
56295
45064
60277
48572
59746
45712
53411
55348
51884
50824
57669
53037
56419
48121
54170
53069
57090
57146
54185
52659
47749
53433
48668
59634
48693
46726
52685
53193
51981
58984
52876
53219
57666
56545
56017
46786
53542
56378
44757
53225
46583
48429
58870
47768
53802
59029
59578
57874
59742
51467
57372
45699
47580
53200
46074
57307
48318
49138
59427
44717
53916
60340
52106
44943
54873
45079
51463
59157
46076
56557
58840
59784
59851
58459
52382
58859
47398
59840
58482
45090
58106
59252
59437
58747
57144
54799
59639
49426
57358
53983
55401
47789
53604
60257
51128
53660
56804
46034
59579
48589
59401
57708
47802
45773
53038
59086
58791
51785
54861
56908
54178
59301
45364
57933
57785
59378
53158
59855
48300
57851
47368
49422
48684
58409
48305
56516
59566
47746
52557
51861
55430
55712
53391
56546
60315
51151
58488
60094
48594
53713
53073
48557
46345
45774
46722
48643
58860
47815
57105
58853
48597
53626
57302
55675
54768
52871
49159
53021
52139
55744
60259
56030
44734
60261
52337
56838
49432
45684
48132
57445
60069
45711
55471
56032
54006
52578
47596
56134
46158
48694
47767
52676
47880
44718
55957
44751
58771
58188
59638
56808
57632
59547
59495
58098
51996
48439
57940
53618
45695
53936
55457
53630
52584
56494
47739
57939
52489
52879
48147
52645
60349
52987
51125
45566
58095
59457
50176
60022
57604
49435
60351
59338
57737
46556
45387
60129
52992
53229
52003
57441
53398
44758
56018
58059
53001
53925
55986
47993
58779
48554
45381
51152
57965
57744
59082
51995
53259
48607
56137
58542
56484
56916
45782
57745
53984
58171
52608
56411
56105
58042
59764
58604
53675
54093
51892
55298
58088
57925
55928
48638
56325
52576
54831
57891
52702
58740
58077
58410
55303
57935
47568
57808
47148
47805
48654
59603
53467
46352
45370
57341
53404
48325
53932
59438
46119
52284
53794
60157
53243
56412
44924
45545
59496
56361
55437
55469
48556
55453
52683
58880
46533
55632
56530
55398
58394
58476
56797
55707
59518
60141
56519
47362
47747
53482
54167
57671
60276
50200
59506
55961
57434
58838
54771
51879
55309
49135
59658
55461
58096
55773
55671
49418
59857
57293
59657
58363
45367
46160
60057
57112
57115
48592
56449
58678
59761
59945
55756
53161
59505
56798
57374
49454
47807
55489
57457
47804
58404
48659
53561
55596
45675
58734
55919
47837
55462
53501
53554
55657
48390
57751
55965
59231
56097
57617
58887
45076
58968
46578
51723
53738
58486
59885
60283
56303
46161
47556
59871
52881
52610
56335
51781
56450
45071
53528
53850
47648
55610
51888
52114
53976
59398
55658
53617
56539
59370
50196
53926
55937
52638
59350
47745
57899
57677
53293
49170
53190
55358
59740
59407
57082
44763
56306
57934
55746
60358
57365
54801
59422
48458
59490
47888
45080
57498
56926
53911
47812
58780
46351
58490
48596
58374
48670
56323
57621
54838
58597
46128
48465
53079
55699
46039
53420
57653
53965
45569
53590
53748
48642
57926
46753
53774
54172
55409
53623
53789
59023
51858
55392
48651
51731
49759
47564
53727
60039
59266
59476
60348
47375
59297
58790
59878
53974
56520
53842
45396
54176
51964
58933
57642
53429
59744
46138
55789
45559
54089
57432
59404
48118
53605
57264
50827
53729
48553
59232
58094
46336
53728
56923
51747
52332
58607
57477
52476
55993
55932
51863
52617
47659
49745
57473
53132
51132
60059
59307
45096
46167
44766
57255
52845
44928
46548
51790
52308
58449
56558
58133
46783
55598
52670
52870
55381
50193
48373
53023
58773
54088
45098
48555
53693
52634
57246
57510
55697
59692
56805
51107
60359
47644
60099
45767
48608
57776
55774
47406
57219
56547
57081
57612
51771
52285
54099
45191
47867
59016
47660
53159
53893
58737
54781
53869
55493
59025
60302
54195
58942
47178
48376
56702
47575
58670
48278
49736
47896
58213
57499
58529
55586
53637
60122
56428
47869
45704
47868
53266
53665
56556
53718
45742
56127
47671
57648
48879
58216
53419
59179
45741
48286
56912
58417
60035
59695
54868
48356
55579
54073
57225
56477
58789
52286
53502
56811
51989
60032
47563
46149
60319
50188
54065
55281
57376
57845
49746
55959
58236
58938
47601
57451
55433
53793
45384
56794
59336
45740
53075
59312
48682
49144
55331
56383
53060
51757
53827
53155
59604
56891
53205
45414
50823
59468
45759
55613
55619
55710
59198
59952
53838
45226
50167
60127
58033
48478
51975
59931
57779
58787
53743
58948
46582
54763
55376
55611
57869
58389
56476
48149
56524
47731
52682
59575
44724
52579
55760
47874
46535
59180
49734
45089
59433
47387
46759
60270
58895
59648
60149
49414
54086
47861
47726
59767
59539
44747
57131
57535
49166
56899
59798
58730
59930
46061
48383
58373
53055
46067
44920
53732
53245
45676
59898
57055
53625
58458
54169
60025
57220
59907
58863
52288
59844
60118
55768
52366
52344
59031
48581
57908
54192
52108
58041
52349
53830
59171
46544
56777
56348
56035
46702
53855
51717
45073
52540
52484
45101
54825
57847
48677
58450
58090
48431
46132
53652
49168
49134
56294
59617
58360
59456
53137
55421
55664
58031
55608
58632
59209
58876
55284
46155
53473
53175
53397
57155
45057
48380
48450
48585
57605
57772
57951
44939
56796
47654
51756
55751
56881
56468
44735
56110
53868
58797
48697
45377
47800
52874
54776
53421
53935
47788
59017
48403
53070
45376
47665
58089
58357
59084
54829
59710
45190
53998
53574
58372
57668
51958
55921
52357
58242
51860
47776
45686
59574
60148
45215
58218
51977
52663
47725
58523
60199
45388
57127
47732
49131
45746
50157
54843
58983
46565
52567
47643
57673
52667
47730
53996
58366
57448
53068
51147
47915
53032
46563
52988
47843
60341
47662
56404
58068
59864
57125
59078
49427
45183
45554
58439
55592
59032
59922
56131
54830
58176
57380
53969
46717
55304
59269
57459
60306
60269
49459
56107
46693
54053
45660
58888
56393
57531
56347
57823
60155
53393
55370
45698
48695
55500
48681
55771
59489
53009
44968
48136
49169
59439
56116
45677
52334
59770
60107
50809
60366
59956
47395
48094
58827
48129
58128
51782
47866
60256
59088
52700
49156
57733
46063
48558
55335
54780
59719
51956
58151
51799
52498
59353
53216
52614
56826
53792
55745
57701
58591
48579
54181
47562
59085
56415
58934
55787
58044
45058
59351
46751
52668
53261
59203
47825
45732
49732
57710
52586
47870
53997
54770
48123
57946
46129
54833
49167
52598
59044
60311
56332
52689
54766
58206
57156
53577
57370
53273
52463
56103
52338
56552
50158
45776
53836
56360
53505
58629
45198
55336
57129
53603
57060
53853
59765
56489
55282
57707
56783
53656
57680
59896
45548
47354
56505
59525
57501
57645
52836
54805
56425
52555
56799
59418
60336
57919
53146
51983
53489
51746
52840
50177
49768
58110
58546
58866
55374
46371
53052
60335
56776
48288
58457
44765
53416
58011
55495
57650
59549
58620
59187
58594
48647
55419
52696
58064
58209
44959
48029
54778
47577
53051
51140
45739
58003
58592
60372
48696
59004
58186
45093
45787
47661
47379
44764
54823
48660
55578
59739
53726
60260
58741
58936
52878
52299
49408
47621
58713
56004
57866
46117
47653
53142
59892
55423
58405
59619
58391
52457
58237
59711
53024
54853
58896
59184
53773
57633
55333
60052
59553
45734
49174
47623
59689
46754
60317
52623
54163
57606
57936
53481
56292
53536
57120
53839
59201
56925
56815
57746
47152
53248
53843
55600
57350
57152
58739
54067
45084
59926
47360
53527
45362
52264
57615
56096
53264
55353
53267
56381
45393
44762
48460
48664
57603
59216
53797
52353
58939
60273
59800
47878
57743
57311
45754
52666
53004
59305
46148
48291
56008
51959
54078
53891
47170
51993
54104
59366
58030
45229
47860
56145
57084
46796
59323
60152
45234
50201
58187
58798
46332
55397
59461
45047
58631
55338
53627
54863
52501
58807
46543
58081
53278
55478
56511
60023
56095
45701
47141
52669
58387
60027
52642
56806
58437
52364
52360
52546
51854
56917
51725
52534
46577
58949
57404
57674
57854
57638
47898
54090
59843
58547
60275
55475
54062
48026
56695
47818
58520
59943
51872
59497
59785
45081
52560
48691
57336
58969
46780
57226
47883
54767
55405
47911
46355
59403
59861
51798
59253
57791
48674
47792
57053
60017
46331
57715
58533
53674
52477
53480
44917
60377
49148
53227
52867
53691
54809
59320
52869
58837
58878
47997
59193
56466
53552
47840
47394
60026
57147
59304
58454
56889
53903
44972
60334
48461
60114
57128
48126
60060
48575
56522
52305
59377
46044
57920
47353
52371
58796
48005
45663
52570
58639
47821
53704
56531
59474
49139
48432
54786
58489
59077
51855
56321
53744
54183
58352
45668
60038
52376
58931
48315
58179
55379
53707
59186
60287
47667
58828
53007
56106
57777
57898
44732
52563
56113
55647
56109
59858
53209
48567
59874
49154
57840
59803
60156
53746
55989
60193
55277
59957
57101
59602
46357
53828
58358
53140
47881
52855
51772
58375
58233
52612
55308
48295
53779
57616
53269
60120
55589
47743
58118
53993
51997
58164
48576
58215
53539
52469
53929
48441
56801
59694
56461
53435
58182
57932
58774
58207
49446
58634
53650
58086
48406
50179
52121
58492
58635
56333
57460
50173
48138
52274
45753
59672
53138
59762
47570
57292
53606
48353
47655
60271
47165
46361
58891
47753
52706
46374
48294
53141
46035
49733
59223
46723
46672
53439
48475
50839
58847
45778
51112
55349
57257
52543
55289
55758
60344
53408
58099
53890
59950
56814
44927
60110
47677
53892
49409
47582
45389
58684
52291
45587
59236
53934
47381
59466
57373
58102
53287
53824
57637
47791
47892
45386
57360
53036
46350
48405
53050
52632
60020
57739
53272
58598
53174
58061
59702
57412
57864
56330
45087
52090
56424
58728
56029
47638
55634
59936
53033
52107
56781
52290
46685
54775
58157
46368
58112
46073
55590
46719
47162
53541
53981
46791
52535
59891
60117
59090
53910
54010
57853
52289
59723
53144
59523
55377
46718
57609
56005
57414
57296
59475
57294
55373
54194
55785
51864
48609
59234
59687
53568
48314
60268
57413
51980
57918
59721
49171
46700
58040
51972
59735
53624
56693
47803
53025
51744
58475
55288
45179
59046
47863
59375
49451
52561
56327
58793
46585
45237
53734
56890
55951
57252
53922
59716
59703
46162
46384
47740
53595
59797
55293
56924
55930
56376
57858
54824
58180
48133
46713
60051
48688
56287
46532
48374
57254
45581
54101
59434
47834
52703
55451
56026
55655
54197
53639
47629
46147
60055
47798
47827
54177
58680
59940
56023
47977
57068
58601
57148
59527
59899
58245
54872
56356
58736
47751
53720
53285
57121
53592
48387
53715
57924
58124
56481
53294
55283
59670
57622
47383
52538
47676
56469
53690
53638
59682
59618
58137
54762
55678
55573
48411
58610
46037
58126
53534
57882
53913
57950
57143
53059
56488
57134
58941
53654
59900
58535
52852
48676
59388
57917
59717
55668
55653
55953
54784
53477
59771
59790
47363
47405
54759
53034
53434
59544
60186
57868
46080
46579
52093
52846
48487
46755
55639
50836
47137
57952
59792
49765
54098
52660
47138
58484
57103
52547
53422
59607
58175
59852
51805
56836
56359
52640
47675
56813
49751
48368
53628
52636
59536
45094
52091
44720
48476
54862
60313
51734
57682
57417
46327
59932
60189
57846
58528
45579
53394
48646
57369
54772
58365
58370
55704
60350
49750
47578
60143
57406
56463
57357
45750
58668
58743
52566
55914
58367
58054
56704
51724
58593
52132
59006
49178
51115
59635
46376
58058
44918
53081
46330
58778
56887
47552
60093
53719
60284
57970
52493
58104
52100
52287
56507
60375
53290
52673
52096
56534
57702
52989
45738
54822
45576
53233
59380
52841
49176
58872
54003
47384
47143
47581
47592
51957
59215
47647
45557
55950
59685
50833
47177
47587
58407
57343
45366
56139
46686
59754
57980
59364
53403
53700
58037
46055
60355
55644
57078
52461
59369
54247
59356
47366
49739
52481
56506
45197
45074
55357
54075
60029
55386
49434
59205
57356
59856
57506
49431
53687
52628
53160
53735
58869
55501
52278
49762
57969
60301
53865
59390
59569
53178
48599
46553
45681
55488
51748
52113
53801
45669
51808
45394
59382
51811
59417
51137
58707
56550
59848
47735
48467
59757
52379
46372
58078
57903
47380
58932
59789
57714
47865
56538
57300
58195
57249
53635
45217
47777
55396
52848
46584
53634
56351
58248
54015
47757
57700
58785
52313
58977
45703
49173
58832
60314
53251
56775
55294
45233
52868
56460
56900
53820
47589
58536
58864
45068
54796
58230
53057
59500
48331
60065
44743
59875
48372
57649
46121
53008
58477
52297
58369
47356
59893
59573
56518
60184
51750
58107
52698
54798
59564
44951
56902
47832
47914
53667
52533
44923
59654
59096
57409
59645
58379
53500
56379
53989
51111
52485
46541
47808
57884
49449
53754
53967
60258
58551
57679
60290
48326
57118
58487
58403
48023
58047
60337
47775
55312
58009
58153
57878
57967
53143
52549
54803
56551
51730
53633
47386
46133
54095
57742
45772
52606
55650
57651
51738
53823
57972
55426
58636
57513
52294
53499
56031
59173
55412
47995
55302
54175
53861
52564
53289
60370
59750
53669
48359
47656
58871
56392
58117
57408
54081
59465
58421
48115
46343
57716
52833
52269
58530
55472
54792
57876
53165
54848
52456
56512
46079
59246
46781
53662
56112
57975
55406
56878
53607
57966
48448
45674
57230
59467
58495
45067
57339
47351
51109
57849
59425
59621
47794
59158
58114
45199
47576
52375
56339
58686
56882
46370
53818
58738
53250
46045
54085
58973
59400
53401
52471
53848
49767
46333
55466
58630
55271
57741
46749
47816
48145
53897
53973
50815
56288
55383
57126
52629
59655
56782
49754
51136
59795
59257
53181
57123
54189
48683
59501
59040
45416
46694
45573
57931
47917
54083
56341
53566
58725
60092
49442
50207
47357
48306
58446
57893
60146
59272
56401
46793
60291
50828
50819
44753
53863
58633
54184
48361
55761
55929
53594
48473
59042
46550
47401
45760
46049
57064
59470
53058
58169
45547
50194
49738
53621
45405
45395
57902
53858
59841
58241
49132
57871
59748
50198
55474
51117
46681
47641
59368
56901
52866
58091
55925
60187
47133
57885
47770
57378
52347
53900
58162
58184
59725
45565
53192
52460
53257
56357
59904
60102
50168
53396
60033
57058
59927
49456
55340
56800
58420
48639
48104
60329
48672
48333
57820
47994
50804
54196
53412
47602
46360
53228
59039
56795
48445
46534
51896
52551
56920
59493
57154
51732
50845
56927
53183
51890
55594
58685
47999
47646
58226
59650
53006
57930
56385
60136
56126
59866
53909
56479
46562
49447
52873
58519
55917
48106
57355
58940
56128
57907
44713
58839
56525
54206
57516
58451
44719
45786
45181
48301
54858
53410
56319
57977
58035
59435
52832
56517
55963
45779
58160
58100
53474
51755
53246
45065
58768
59189
53685
45380
48396
59541
47982
47828
48662
52877
47814
45095
49424
53256
53254
56922
58093
47722
46052
48369
59326
48430
59361
56807
53063
48577
59769
53632
47679
52475
55485
57410
59958
53968
53218
53924
58384
53195
54789
59384
58445
56841
53800
57911
54870
59271
53135
52630
53049
59521
58123
47748
51770
47389
55620
45578
55652
60280
58361
54051
56334
57234
57521
53504
47875
53210
60331
48334
47801
53469
47388
54841
53912
51990
53150
60040
57367
58355
45544
48377
57446
49412
59392
59153
55354
55339
56374
47358
47402
45188
53834
56101
54009
58004
47985
58072
59300
56114
46747
59686
58784
57094
47630
58416
53177
52662
53895
57334
56133
57635
57511
47593
57353
44746
57063
55432
57470
48279
59877
52691
56388
58831
55742
49437
44970
53670
54864
55449
52282
60100
60274
48036
48140
58056
58603
48120
58189
47998
54845
59612
57644
58480
53716
58624
53065
59430
58139
53468
47139
53418
58970
52263
49725
58619
51778
57444
57964
46687
57049
48096
57620
48484
52267
45219
60053
59194
58980
60198
52539
57222
60373
58197
45536
47806
54855
58083
48363
48402
58804
53899
56879
46564
48389
47884
56132
56417
53966
56828
53740
53291
48610
59697
46130
60316
48122
58136
51462
58448
57953
58836
53558
53701
47155
59460
45404
55435
48280
57982
53179
55593
55314
53908
50831
58170
53567
49421
51759
52309
48354
58415
58783
57132
52620
53844
49741
60309
55318
53565
59488
59190
52470
57236
45368
56788
57634
59169
58060
58101
59161
56125
53263
53742
57364
52350
60356
59240
50820
46743
60267
58982
59642
57067
48573
57713
47839
45702
53232
59440
45083
58842
52118
55915
59267
52997
56305
54166
57515
53705
55575
58671
44726
56810
56543
58067
57070
53886
52990
48568
55393
48673
47846
55788
57817
59538
50826
44715
55667
57468
47873
49753
48092
55700
52306
59233
52694
58625
47829
59014
55439
56003
44725
53198
48302
46030
56497
51148
55642
56019
55315
60045
50803
52684
52847
55784
47649
58829
45059
46344
47560
56548
60307
58001
60056
57104
53573
47590
52342
57995
51774
57736
59183
59714
54164
59853
48370
59379
58712
47895
53262
58830
55960
45222
60263
60036
60150
53388
53191
53529
53014
58493
53405
58046
55287
44741
46725
53790
57968
57496
56322
58835
47134
47811
58177
60054
60281
46068
52345
47350
60342
60091
48652
56773
49726
56358
49143
53724
48483
45185
53196
58846
58862
59170
52839
53867
59311
51794
55577
57235
57437
53392
58039
59484
58729
59383
47879
44969
48098
58679
48595
58513
56396
57435
48010
57910
56910
58979
47981
59873
57345
55931
55272
59249
55490
48097
56144
59365
56772
56094
55434
45201
52136
51796
54857
58006
46165
56020
58611
51135
55995
47163
52105
45555
57337
59571
59007
57243
55285
56844
45706
49758
57050
58978
53168
45588
60197
60142
52281
57248
57771
60333
47639
58590
53805
48103
49142
55645
48018
51976
45697
58485
58834
52674
60364
59221
55310
55670
55361
53919
55677
56111
54097
47838
53918
58843
46047
57790
51722
56699
52991
53560
55766
52486
47729
52554
48486
52562
59027
52296
53914
48281
53611
59640
58481
55998
59880
53483
52333
52865
59879
53601
48358
47913
57310
57738
55954
46354
56328
52999
54842
55273
47889
58479
46163
56789
51880
54055
44740
53629
53498
59469
53661
52619
59412
51853
52656
53598
59019
53819
46779
48580
57080
52611
54806
56540
49436
47901
53268
55305
59512
44771
49737
46135
59514
53928
45745
52687
56493
49428
53478
52462
58224
53249
46757
48144
53425
44942
54200
60330
53680
53915
44952
53591
48649
58252
57242
56453
56465
51735
55595
53003
52271
52458
59298
59408
55399
57048
48095
47382
51786
53217
46703
54103
51891
59793
56093
59210
56416
57992
55450
56485
59258
48382
59584
55646
47885
50834
51982
55762
58951
45558
52678
56767
48292
51873
57436
57523
53692
58424
50846
46159
44934
53224
58377
53139
51119
46784
60098
58889
56521
48148
55918
53170
46764
52298
56541
44945
59890
57827
58622
46746
57057
58228
52495
53471
58675
58999
46040
44922
58689
56701
54808
59722
54869
48391
44716
54064
51792
59333
53281
59526
56515
53556
45228
58032
49743
45054
56148
54832
53786
57346
47793
46785
53600
57672
53426
59601
60264
56302
47604
53641
48569
57074
57475
48438
57676
60299
53282
57873
56467
56118
57052
59751
59783
46677
55601
53931
56398
48324
51105
57108
48578
58382
46131
57308
45402
55990
59513
52587
59010
52454
51875
47598
53545
48409
59087
53804
56513
59363
53406
56486
52300
53054
49152
50180
52575
56921
58085
47771
47645
53490
55477
57229
49433
59076
49724
55458
53551
60185
51897
52273
46156
57829
57072
51469
56409
54839
56146
54061
49179
55767
47171
56816
58183
52641
56140
51733
58034
55459
55641
56117
56827
55307
59690
47882
58782
52374
55385
45088
54070
50204
50169
56904
55754
57069
53784
47586
56290
46054
57824
54074
55417
45780
59211
59152
58156
46033
52355
53995
58473
46325
58406
48323
48110
58589
56456
57780
57929
49766
57681
52312
55414
57405
52559
51866
52365
55927
57071
59554
57303
55494
60042
56692
47622
55604
46698
51961
48593
55394
60153
59204
58986
58097
51110
55781
46766
55355
52502
56895
45391
55313
46062
53265
59651
58122
55464
53991
56033
55994
57534
44752
53531
57905
53491
57607
48428
45567
59924
45713
46696
54827
59738
57250
51868
46792
45078
48650
59472
51120
45756
55342
53400
57752
45072
55777
47126
59631
58190
53409
55778
59804
44760
59159
54794
52459
59963
58119
60064
52585
57740
58786
52613
57973
45407
56037
46171
57509
57923
59872
59788
48408
49460
51963
59397
59953
55616
46120
55581
50156
53532
58235
47147
59888
53048
52849
52705
53829
57614
53242
57231
59665
58873
56289
58972
58125
54000
50174
53399
52861
59471
52601
48299
56011
60070
56407
44723
46383
45206
45383
58868
52842
59332
60109
58422
59303
50191
56529
56487
58981
58356
59903
55775
54807
54810
47370
57461
60294
53544
46772
55933
60196
55420
51752
60071
52994
55676
58150
49181
58065
57299
58208
51726
53492
60145
53576
56406
56694
52577
55665
53153
44772
58138
45186
46127
59845
60183
48142
47787
45574
48151
48308
53424
60343
57130
48307
60190
52340
52483
56877
58805
57122
54161
58544
55991
52310
51870
56703
49423
49161
45785
55334
58627
48602
51131
57221
57505
46152
58608
48444
55317
48319
53053
53798
58120
49445
44744
49411
58709
47909
51114
58606
47595
44914
55755
49771
48566
56300
45755
56102
45419
59420
52500
45538
55404
57135
55486
55569
59089
57464
52626
46782
53184
57335
53608
54850
56318
56780
46341
57438
53937
59321
47764
57949
47908
47396
48881
57683
52692
46580
45775
51741
53722
46704
52363
57530
50161
59188
59905
60066
56454
56787
59354
58442
48669
57309
56405
53659
52844
53275
58826
60279
49415
57991
46375
51857
55956
57465
51802
58408
53887
57643
55292
58971
60362
59572
57241
59768
60116
59200
58637
57822
54071
57089
60021
54849
55337
51145
52880
48034
56474
46172
57329
59548
58845
52707
47774
45665
47833
59925
58621
58392
57937
59360
48311
60018
53806
56338
45227
58881
53543
54059
59674
47980
58221
59034
53986
59550
58080
57330
44736
53194
48437
47724
52119
58062
54774
59906
56009
52664
48378
56448
52860
52995
55290
57430
47391
53796
56707
55491
45193
55958
55362
56380
48462
52688
51965
57641
47845
46744
56774
57735
47876
56136
46140
57709
53162
48451
46727
51871
57377
47992
58626
46048
49172
53964
50806
56817
55648
49419
55402
57503
54804
46144
45235
44940
55299
55926
53166
58192
54846
57251
56022
58163
47393
57342
50848
57085
57610
57774
45225
56394
59766
57813
57789
56025
57351
59367
57301
52370
48141
45390
59080
57431
53475
47408
47744
57678
56141
57462
51144
47603
47864
55605
58794
57825
58194
57500
51809
55695
57151
60050
48434
56470
57258
59675
52624
47742
55484
58132
47626
56555
58494
48563
52609
48641
53537
59328
53896
48687
53538
59168
52140
53277
60285
51124
46137
53047
58731
56897
57711
45568
54187
52129
56528
51134
47627
54764
50843
48463
58795
48119
56508
59008
57306
45707
54779
45556
53854
57344
47918
59522
56375
51460
52541
48146
59929
46071
57909
59009
53487
46166
60062
57054
58935
58732
51992
55452
59038
45748
46075
48013
58877
55672
59026
53231
45714
53933
54209
45192
47559
48479
56709
57750
59556
55400
52600
46053
57061
53087
59887
50835
45590
58749
59464
54173
54157
57526
58892
57239
52607
57652
58219
53546
48381
45700
52492
50850
52704
53564
46366
58116
57698
52680
54783
52544
51122
58943
58063
53436
57872
59462
45100
58359
55436
52377
53559
50159
55635
48002
56884
59644
53292
50175
53026
59079
59335
52352
48137
45184
53780
53486
60144
54826
58084
53907
56834
48442
54821
52548
45535
45532
60101
60296
51758
53214
55483
58628
55776
54769
55741
52089
58005
56896
55765
58883
58746
54069
53145
52565
59715
59302
59359
60061
53016
55662
53222
52455
56298
59552
57347
48284
45406
59620
58715
45733
51883
53207
49425
58718
53750
59656
48604
59491
47871
53906
59534
53466
60308
59585
52835
52679
52503
59357
56345
58844
59411
52111
57912
58735
53672
57059
53706
60028
55280
46042
55413
55770
56426
53678
47374
58531
58745
58775
54082
55359
59733
47817
59163
58719
52491
57811
60016
45583
58879
48565
59358
54008
60137
51106
48102
58550
51472
45589
55345
49416
54800
45060
58509
46671
48562
47727
47750
56422
57842
49749
52569
57867
58159
56382
59758
51783
60067
48675
55988
60288
49140
57915
52452
54168
56455
56495
52307
54190
57705
46741
49728
44932
57116
58028
51815
55407
48663
52265
53169
57416
53199
45685
55276
59704
58071
48436
57857
59310
59033
55428
53470
58115
60357
47620
56549
50183
